                                      
 0000000000000000000000000000000000   
  000000000000000000000000000000000   
 00000000000000        000000000000   
  0000000000000              000000   
 00000000000000              000000   
 00   000000                 000000   
       00000                 000000   
       00000                 000000   
       00000                 000000   
       00000         0       000000   
       00000         0       000000   
       =============================  
       =============================  
       =============================  
       =============================  
       00000                 0000000  
       00000                 0000000  
       00000                 0000000  
       00000                 0000000  
       00000000000000000000000000000  
       00000000000000000000000000000  
       00000000000000000000000000000  
       00000      0      00000000000  
       00000      0      00000000000  
       00000      00         0000000  
                 0000        0000000  
                            0000000   
                            0000000    