                                       
 66666666       666666666     6666666  
 66666666      6666666666     6666666  
 66666666       666666666     6666666  
 666666666      666666666     6666666  
 66666666             66      6666666  
 66666666                          6   
                                       
                                       
  6666666                              
  66666666                             
  6666666                              
  6666666            6                 
  6666666         66666666             
  6666666         66666666             
                  66666666             
                                       